Name	C	H	N	O	S	Code	MonoWt	AvgWt	nN	nC
Alanine	3	5	1	1	0	A	71.037114	71.0779	0	0
Arginine	6	12	4	1	0	R	156.101111	156.1857	0	0
Asparagine	4	6	2	2	0	N	114.042927	114.1026	0	0
Aspartic acid	4	5	1	3	0	D	115.026943	115.0874	0	0
Cysteine	3	5	1	1	1	C	103.009185	103.1429	0	0
Glutamic acid	5	7	1	3	0	E	129.042593	129.114	0	0
Glutamine	5	8	2	2	0	Q	128.058578	128.1292	0	0
Glycine	2	3	1	1	0	G	57.021464	57.0513	0	0
Histidine	6	7	3	1	0	H	137.058912	137.1393	0	0
Isoleucine	6	11	1	1	0	I	113.084064	113.1576	0	0
Leucine	6	11	1	1	0	L	113.084064	113.1576	0	0
Lysine	6	12	2	1	0	K	128.094963	128.1723	0	0
Methionine	5	9	1	1	1	M	131.040485	131.1961	0	0
Phenylalanine	9	9	1	1	0	F	147.068414	147.1739	0	0
Proline	5	7	1	1	0	P	97.052764	97.1152	0	0
Serine	3	5	1	2	0	S	87.032028	87.0773	0	0
Threonine	4	7	1	2	0	T	101.047679	101.1039	0	0
Tryptophan	11	10	2	1	0	W	186.079313	186.2099	0	0
Tyrosine	9	9	1	2	0	Y	163.06332	163.1733	0	0
Valine	5	9	1	1	0	V	99.068414	99.1311	0	0
NA	5	9	1	2	1	m	15.99	NA	0	0
NA	5	8	2	3	1	c	73.01638	NA	1	2
